%b = 0.25025;
%beta =0.55;
%d = 0.25;
%epsilon = 0.4;
%delta= 0.2;
%N_0= 6000;
b= 0.250025;
d=0.25;
beta=0.55;
epsilon=0.8;
delta=0.3;
N_0=1000;
